USA: 0.879871
UK: 0.718455
Italy: 0.983116
Estony: 0.710615
